0.0124159
0.0269478
0.0277165
0.0145984
0.0199864
0.0174839
0.00917983
0.0114316
0.0123783
0.00746497
0.00773945
0.00777953
0.00620209
0.00658434
0.00699462
0.00451342
0.00492202
0.00503854
0.00429286
0.00414032
0.00428348
0.00311958
0.00328264
0.00354223
0.00354419
0.00376178
0.00344303
0.0030023
0.00305419
0.00296093
0.00264305
0.00246251
0.00251672
0.00224547
0.00202764
0.0021931
0.00189014
0.00180441
0.00195264
0.001654
0.0015748
0.00178126
0.00160959
0.00150124
0.00180722
0.00157996
0.00146271
0.00153329
0.00129512
0.00135203
0.00153461
0.00137397
0.00117035
0.00159415
0.00144057
0.00131614
0.00134731
0.00125004
0.00107029
0.00131711
0.00124061
0.00113693
0.00124196
0.00123801
0.000922496
0.00124464
0.00111688
0.000746643
0.00103542
0.000961189
0.000785176
0.00101142
0.000978897
0.000825346
0.000959587
0.000991676
0.000796095
0.000941566
0.00086841
0.000775834
0.000928878
0.000880923
0.00077029
0.000836078
0.000790588
0.000739187
0.000870554
0.000812077
0.000722044
0.00081746
0.000758958
0.000709166
0.000749759
0.000755287
0.00073595
0.000736622
0.000793529
0.000689753
0.000690966
0.000680962
0.000678588
0.000672146
0.000649812
0.000662407
0.000655187
0.000668209
0.000651417
0.00066927
0.00065575
0.00065777
0.000650991
0.000654857
0.00065594
0.000670926
0.000657333
0.000650942
0.000654657
0.00066479
0.000643922
0.00065216
0.000646379
0.00069459
0.000689635
0.000688887
0.000633389
0.000631235
0.000647359
0.000640207
0.000638694
0.000652448
0.000648804
0.000637111
0.00065626
0.000642569
0.000630038
0.00060199
0.000636923
0.000610908
0.000632959
0.000626641
0.000620254
0.000627292
0.000602867
0.000618884
0.000615569
0.000616241
0.000610844
0.000618507
0.000612635
0.000605653
0.000606639
0.000600157
0.000603642
0.00060771
0.000597888
0.000613826
0.000611468
0.000613652
0.000603455
0.000609558
0.000608419
0.000595254
0.000604013
0.000602026
0.000612626
0.000605886
0.000592848
0.000592401
0.000582335
0.00060571
0.000602053
0.000588544
0.000588487
0.000580741
0.000589462
0.000596349
0.000585561
0.000580444
0.000584108
0.000590329
0.000558805
0.000581343
0.000595052
0.000594778
0.000586234
0.000579421
0.000574411
0.000591702
0.000582735
0.000580222
0.000566913
0.00057667
0.000581081
0.000586788
0.000575414
0.000582997
0.000535682
0.000563659
0.000547348
0.000579967
0.000570598
0.000571204
0.00056955
0.00057781
0.000553799
0.000559084
0.000557434
0.000565944
0.000561505
0.000568466
0.000557846
0.000557012
0.000572192
0.000547689
0.000573694
0.000562062
0.00054989
0.00057629
0.000561998
0.000572485
0.000547693
0.000560414
0.000541514
0.000541682
0.000564794
0.000566219
0.000555494
0.000565529
0.000556606
0.000553453
0.000546166
0.000554524
0.00052581
0.000552671
0.000546608
0.000548623
0.000551036
0.000537894
0.000541725
0.00053946
0.00054008
0.000546171
0.000548048
0.000531269
0.000542603
0.000551688
0.000540675
0.000530314
0.000537749
0.000530023
0.0005395
0.000536938
0.000537685
0.000533549
0.000553111
0.000534489
0.000538986
0.000538174
0.000531904
0.000524133
0.000539657
0.000545856
0.000545709
0.000542354
0.000543406
0.000536305
0.000545608
0.000553685
0.000534228
0.000552351
0.000553807
0.000531439
0.000542144
0.000523743
0.000521311
0.000527743
0.000539151
0.000526657
0.000537695
0.000527676
0.000535306
0.000523828
0.000532637
0.000543645
0.000553501
0.000518032
0.00052392
0.000530175
0.000536262
0.000532622
0.000536079
0.000533443
0.000518065
0.000545311
0.000531277
0.000541488
0.000534278
0.00053081
0.000525649
0.000511994
0.000521003
0.000530157
0.000525477
0.000532678
0.000520656
0.000514516
0.000536432
0.000507235
0.000502248
0.000522013
0.00052667
0.000530141
0.000523427
0.000524021
0.000522794
0.00053235
0.000538625
0.000509358
0.000530937
0.000518724
0.000512428
0.000524178
0.000526886
0.000517075
0.000533669
0.000519764
0.000521526
0.000527913
0.000504618
0.000525616
0.000526169
0.000497522
0.000519529
0.00050622
0.00052684
0.000534098
0.000511094
0.000524043
0.00050315
0.000517338
0.000516259
0.000513897
0.000527468
0.000520065
0.000518983
0.000515758
0.000533333
0.000534468
0.000512704
0.000518423
0.00052403
0.000531847
0.000510128
0.000535036
0.000515734
0.000528912
0.000519419
0.000514877
0.000520718
0.000512632
0.000514093
0.000521868
0.000529307
0.000521099
0.000512262
0.00052274
0.000524119
0.000507692
0.0005092
0.000520816
0.000515934
0.000522694
0.000506158
0.000515004
0.000514789
0.000514422
0.000534384
0.000515147
0.000534906
0.000515503
0.00051464
0.000520195
0.000540122
0.000514016
0.000516024
0.000519933
0.000526882
0.000512764
0.000519295
0.00051949
0.000520625
0.00051738
0.000534802
0.00051117
0.000510306
0.000524313
0.000524878
0.000514648
0.000521934
0.000494788
0.000519262
0.000518721
0.000491664
0.000500245
0.000514509
0.000513362
0.000509482
0.000508408
0.000508291
0.00050589
0.000503778
0.000511579
0.000510608
0.000499949
0.000509124
0.000519392
0.00048351
0.000517673
0.000515288
0.000509012
0.000502331
0.000504719
0.000491693
0.000524315
0.000511881
0.00051954
0.000512857
0.000513994
0.000510102
0.000497203
0.00050374
0.000523352
0.000513408
0.000527128
0.000509842
0.000503322
0.000516247
0.000509737
0.000517178
0.000496112
0.000478832
0.000500261
0.000518904
0.00050997
0.000483181
0.00051473
0.000508343
0.000493702
0.00049785
0.00052565
0.000501703
0.000509745
0.000480618
0.000510578
0.000523633
0.000515354
0.00052042
0.00050252
0.000501078
0.000534157
0.000518576
0.000523281
0.000513701
0.000508678
0.000513539
0.000514313
0.000501514
0.000520801
0.000501864
0.000509345
0.00050558
0.000522385
0.000513417
0.000498744
0.000513831
0.000511982
0.000507147
0.00051599
0.000498157
0.000506854
0.000514591
0.000506873
0.000495714
0.000509534
0.000507851
0.000495102
0.000507685
0.000508915
0.000499947
0.000506347
0.000507956
0.000512882
0.000501833
0.000492883
0.000492454
0.000474465
0.000499408
0.000491171
0.000514842
0.000486455
0.000513832
0.00049486
0.000514895
0.000514387
0.000507582
0.00050481
0.000519371
0.00050593
0.000495609
0.000519951
0.000509219
0.000515602
0.000508117
0.000511358
0.000508789
0.00050954
0.000523936
0.000494129
0.000512387
0.000492919
0.000484629
0.000498596
0.000508015
0.000503154
0.000516656
0.000503836
0.000494221
0.000510339
0.000529254
0.000521524
0.000507275
0.000501599
0.000531129
0.00051865
0.000510686
0.000499826
0.000504308
0.000504435
0.000496876
0.00050167
0.0004973
0.000491712
0.00049696
0.000491674
0.000482916
0.000482236
0.000512234
0.000486674
0.000491552
0.000508383
0.000486197
0.000517135
0.000501698
0.000497328
0.00052864
0.000520195
0.00053
0.000506233
0.00049512
0.000486046
0.000475066
0.000507542
0.000525884
0.00050414
0.000478822
0.000501805
0.000512666
0.000496406
0.00050652
0.000505459
0.000523375
0.00050647
0.000497112
0.000506663
0.000512392
0.00050442
0.000505765
0.000486991
0.000514039
0.000508933
0.000501464
0.000520532
0.000499649
0.000512621
0.00049723
0.000513058
0.00051266
0.000509975
0.000494784
0.000490552
0.000494166
0.000500966
0.000484534
0.000512589
0.000504024
0.000502762
0.000479372
0.000482169
0.00050717
0.000489901
0.000492215
0.000500399
0.000515839
0.000501225
0.000491534
0.000518475
0.00051392
0.000500869
0.000507935
0.000500479
0.000517888
0.000508145
0.000486395
0.000503524
0.00048617
0.000500696
0.000491286
0.000498636
0.000513931
0.000490766
0.000497521
0.000487914
0.000496441
0.000481033
0.000481879
0.000476233
0.000492902
0.000509262
0.000502363
0.000518638
0.000499746
0.000506406
0.000508784
0.000499953
0.000509953
0.000500851
0.000475794
0.000517673
0.00190816
0.00178797
0.00114819
0.00103352
0.000882957
0.000840354
0.000737514
0.000720788
0.000718662
0.000627132
0.000621105
0.000601073
0.000620023
0.00061998
0.000628744
0.00061457
0.000592791
0.000602892
0.000533014
0.000545071
0.000523532
0.000525729
0.000530844
0.000521861
0.000517687
0.000525564
0.00052823
0.000520065
0.000505107
0.000526316
0.000518214
0.000512899
0.000519859
0.000532947
0.000517547
0.000519718
0.000502787
0.000525858
0.000536887
0.000509257
0.000515592
0.00049535
0.000521166
0.000514619
0.000517012
0.000507547
0.000538157
0.000537549
0.00051454
0.000517304
0.000525552
0.000521654
0.000501522
0.000510665
0.000529865
0.000523389
0.000494996
0.000514334
0.000515839
0.000510172
0.000499647
0.000514102
0.000515792
0.000522353
0.000499292
0.000470106
0.000515303
0.000538997
0.000510458
0.00051644
0.000498978
0.000513453
0.000496947
0.000493682
0.000489374
0.000502726
0.000516815
0.00050535
0.000509056
0.0004795
0.000503167
0.000513563
0.000534722
0.000511426
0.000510401
0.000514689
0.000513015
0.000518925
0.000490188
0.000513574
0.000517509
0.000517305
0.000491511
0.000512108
0.000501774
0.000527083
0.00051034
0.000498769
0.000498688
0.000526369
0.000505546
0.000524675
0.000520165
0.000500132
0.000486624
0.000480564
0.000522109
0.000520787
0.000503313
0.000523623
0.000491129
0.000514463
0.000489918
0.000501486
0.000513765
0.000507762
0.000509907
0.000524971
0.000534678
0.000519849
0.000511679
0.0005133
0.000513731
0.000500715
0.000484847
0.000506798
0.000516849
0.00049791
0.000510107
0.000482867
0.000515815
0.000512278
0.000511205
0.000515146
0.000507741
0.000497699
0.000504422
0.000499244
0.000502323
0.00051371
0.000501952
0.000499952
0.000500416
0.000512091
0.000509381
0.00052186
0.00050467
0.00051259
0.000503382
0.000514261
0.000514507
0.000515423
0.000494574
0.000499574
0.00052779
0.000503176
0.000514158
0.000525602
0.000515853
0.000490558
0.000502372
0.000498662
0.000514156
0.000516605
0.000496718
0.000519325
0.00051053
0.000503006
0.000491969
0.000489757
0.000509527
0.000502229
0.000513949
0.000520034
0.000495845
0.000504545
0.000502049
0.00049874
0.00052012
0.00050552
0.000506897
0.000492543
0.000503465
0.00048744
0.000506865
0.00051698
0.000524505
0.000503025
0.000485345
0.0005132
0.00050929
0.000495055
0.000496898
0.000510374
0.000490906
0.000498527
0.000504703
0.000516874
0.000506948
0.000496077
0.000499278
0.000516657
0.000501634
0.000498995
0.000502049
0.000512862
0.00051893
0.000509958
0.00051218
0.000517034
0.000513415
0.00050004
0.000480139
0.000507635
0.000512315
0.000510962
0.000496799
0.000510639
0.00052637
0.000498083
0.0005102
0.000510473
0.000499285
0.000500069
0.000505842
0.000500526
0.000504794
0.000513502
0.000504979
0.000495815
0.000517845
0.000500541
0.000504387
0.000508572
0.000497298
0.00049612
0.000505306
0.000507257
0.000515169
0.000516806
0.000474482
0.000509174
0.00051083
0.000507177
0.000519714
0.000512497
0.000528085
0.000510484
0.000513291
0.000479569
0.000495392
0.000493275
0.000487428
0.000515312
0.000487716
0.000499819
0.0004988
0.000505795
0.000497266
0.000505621
0.000506777
0.000508626
0.00052253
0.000510522
0.000509461
0.000495298
0.000498046
0.000499209
0.000488927
0.000502737
0.000526101
0.000513622
0.000499465
0.000490315
0.000484642
0.000520937
0.000489225
0.000499367
0.00051182
0.000497645
0.000487708
0.000491459
0.000512334
0.000495235
0.000491084
0.000520377
0.000501204
0.00051182
0.000505505
0.00050568
0.000522817
0.000509621
0.000498232
0.000494353
0.000506718
0.000498283
0.000503198
0.000512302
0.000508977
0.000484095
0.000476598
0.000502646
0.0004866
0.000503434
0.000484056
0.000523173
0.000506115
0.000506314
0.000489322
0.000476608
0.000496475
0.000498825
0.000491761
0.000516178
0.000501593
0.000496066
0.000500937
0.000526429
0.00051491
0.000509133
0.000498296
0.000506751
0.000493489
0.000519393
0.000495794
0.000516243
0.000502236
0.000494836
0.000485002
0.000502973
0.000521419
0.00051322
0.000497483
0.000503218
0.000511274
0.000487113
0.000490729
0.000503579
0.000510355
0.000526357
0.000501647
0.000502413
0.000491715
0.000503605
0.000487117
0.000488459
0.000510791
0.000493576
0.000473987
0.000498717
0.000486329
0.000503015
0.000493005
0.000507873
0.00048496
0.000503325
0.000495558
0.000491748
0.00050572
0.000510499
0.0004949
0.000477077
0.00050025
0.000512743
0.000496414
0.00051338
0.000515181
0.000484909
0.000488655
0.000503921
0.00049433
0.00051796
0.000496344
0.000486734
0.000499244
0.000494263
0.000501577
0.000492858
0.000507915
0.000508189
0.000479422
0.000513022
0.0004933
0.000514005
0.000484597
0.000481561
0.000504729
0.000488634
0.000489148
0.000505588
0.000479502
0.000462101
0.000492408
0.000514566
0.000497979
0.000492605
0.000500537
0.000504125
0.000503452
0.000490589
0.000502084
0.000500989
0.000503194
0.000489366
0.000484833
0.000505718
0.000503949
0.000488694
0.000518861
0.000502941
0.000502981
0.000505738
0.000503311
0.000494889
0.000495067
0.000495406
0.00049891
0.000520507
0.000486364
0.000492201
0.000479418
0.000507945
0.000500746
0.000506151
0.000496717
0.00049431
0.000491888
0.000515613
0.0005117
0.00051027
0.000485707
0.000488646
0.000481012
0.000520299
0.000514729
0.00048913
0.000497818
0.000511684
0.000520966
0.000502744
0.000490361
0.000480371
0.000488869
0.000507902
0.00049261
0.000497444
0.000485685
0.000491184
0.00047349
0.000479824
0.000504529
0.000514206
0.000479094
0.00050111
0.00050201
0.000489196
0.000494847
0.000492946
0.000497291
0.000486095
0.000488393
0.000505475
0.0005147
0.000492487
0.000492449
0.000498245
0.000508805
0.000502721
0.000483072
0.000504402
0.0004872
0.000496409
0.000522027
0.000505233
0.000491813
0.000496361
0.000504867
0.000498253
0.000499929
0.000474461
0.000475562
0.000508802
0.000500703
0.00049138
0.000487426
0.000475641
0.000506207
0.000495488
0.000504747
0.000493322
0.000483476
0.000495102
0.000484144
0.000490326
0.000489365
0.00052187
0.000490573
0.000494424
0.000498217
0.000503207
0.000495352
0.000499746
0.000489099
0.000497501
0.000495062
0.000480051
0.000497543
0.000494096
0.000492704
0.000512366
0.000507905
0.000490216
0.000486135
0.000473654
0.000495175
0.000496441
0.000497418
0.000511053
0.000501705
0.000479307
0.000493183
0.000507417
0.000494044
0.000497185
0.000475522
0.000508617
0.000501022
0.000500651
0.000484191
0.00050227
0.000483792
0.000493762
0.000483543
0.000489009
0.000501659
0.000475412
0.000457913
0.000474137
0.000500639
0.000501687
0.000475466
0.000504624
0.000513153
0.000506025
0.000497662
0.000491166
0.000495158
0.000506607
0.000486064
0.000495016
0.000493623
0.000499448
0.000474662
0.000490201
0.000514022
0.000492503
0.000475684
0.000485914
0.00049103
0.000476864
0.000487158
0.000499112
0.000498395
0.000496808
0.000470412
0.000491401
0.000478632
0.000511576
0.000498272
0.000497641
0.000493918
0.000478787
0.000484394
0.000490837
0.000498156
0.000496766
0.000498581
0.000517567
0.000512736
0.000473335
0.000485254
0.000470413
0.000482785
0.000508563
0.00049649
0.000497114
0.000494753
0.000509117
0.000493439
0.000478237
0.000492277
0.000484082
0.000490241
0.000491704
0.000504129
0.000489786
0.000501318
0.000501881
0.00048819
0.000497388
0.000502567
0.000481158
0.000493513
0.000503282
0.000482863
0.000486066
0.000505679
0.000477547
0.000498948
0.000497787
0.000485896
0.000489146
0.000488537
0.000482384
0.000495593
0.000505678
0.000512171
0.000473277
0.000498588
0.000493375
0.000480004
0.000494691
0.000487059
0.000482811
0.00047871
0.000507169
0.000485468
0.0004977
0.000478936
0.000491226
0.000507491
0.000509613
0.000484443
0.000478385
0.000493289
0.000464064
0.000493213
0.000503788
0.00048101
0.00140136
0.00140823
0.0010738
0.000829036
0.000840153
0.000767868
0.00072158
0.000655578
0.000638834
0.000647466
0.00055917
0.000584799
0.000586968
0.000587458
0.000583744
0.00055889
0.0005549
0.000540927
0.000546028
0.000545386
0.000534931
0.000531923
0.000555312
0.000551007
0.000542027
0.000521894
0.000529449
0.000548808
0.000546016
0.000493942
0.000501051
0.000492544
0.000491973
0.00049816
0.000507312
0.000511909
0.000485783
0.000503875
0.000515179
0.000488787
0.000498939
0.000483701
0.000478308
0.000471826
0.000503584
0.000515904
0.000461343
0.000485348
0.000502195
0.000477061
0.000492463
0.000496491
0.000484479
0.000498655
0.000494498
0.000493965
0.00048907
0.000492892
0.000495594
0.000499272
0.000502601
0.0004886
0.000494617
0.000488346
0.000477766
0.000483792
0.000504785
0.00048204
0.000495894
0.000511821
0.000477723
0.000492558
0.000480174
0.000479423
0.000494277
0.000514771
0.00050054
0.000496471
0.000480186
0.000489872
0.000477276
0.000497663
0.000489878
0.000484492
0.000482324
0.000490027
